name: afm_go
channels:
  - conda-forge
  - defaults
dependencies:
  - brotli=1.0.9=h8ffe710_7
  - brotli-bin=1.0.9=h8ffe710_7
  - bzip2=1.0.8=h8ffe710_4
  - ca-certificates=2022.9.24=h5b45459_0
  - certifi=2022.9.24=pyhd8ed1ab_0
  - contourpy=1.0.5=py39h1f6ef14_0
  - cycler=0.11.0=pyhd8ed1ab_0
  - fonttools=4.37.4=py39ha55989b_0
  - freetype=2.12.1=h546665d_0
  - icu=68.2=h0e60522_0
  - intel-openmp=2022.1.0=h57928b3_3787
  - jpeg=9e=h8ffe710_2
  - kiwisolver=1.4.4=py39h2e07f2f_0
  - lcms2=2.12=h2a16943_0
  - lerc=4.0.0=h63175ca_0
  - libblas=3.9.0=16_win64_mkl
  - libbrotlicommon=1.0.9=h8ffe710_7
  - libbrotlidec=1.0.9=h8ffe710_7
  - libbrotlienc=1.0.9=h8ffe710_7
  - libcblas=3.9.0=16_win64_mkl
  - libclang=11.1.0=default_h5c34c98_1
  - libdeflate=1.14=hcfcfb64_0
  - libffi=3.4.2=h8ffe710_5
  - liblapack=3.9.0=16_win64_mkl
  - libpng=1.6.38=h19919ed_0
  - libsqlite=3.39.4=hcfcfb64_0
  - libtiff=4.4.0=h8e97e67_4
  - libwebp-base=1.2.4=h8ffe710_0
  - libxcb=1.13=hcd874cb_1004
  - libzlib=1.2.12=hcfcfb64_4
  - m2w64-gcc-libgfortran=5.3.0=6
  - m2w64-gcc-libs=5.3.0=7
  - m2w64-gcc-libs-core=5.3.0=7
  - m2w64-gmp=6.1.0=2
  - m2w64-libwinpthread-git=5.0.0.4634.697f757=2
  - matplotlib=3.6.0=py39hcbf5309_0
  - matplotlib-base=3.6.0=py39haf65ace_0
  - mkl=2022.1.0=h6a75c08_874
  - msys2-conda-epoch=20160418=1
  - munkres=1.1.4=pyh9f0ad1d_0
  - numpy=1.23.3=py39h9061af7_0
  - openjpeg=2.5.0=hc9384bd_1
  - openssl=1.1.1q=h8ffe710_0
  - packaging=21.3=pyhd8ed1ab_0
  - pillow=9.2.0=py39hcef8f5f_2
  - pip=22.2.2=pyhd8ed1ab_0
  - pthread-stubs=0.4=hcd874cb_1001
  - pyparsing=3.0.9=pyhd8ed1ab_0
  - pyqt=5.12.3=py39hb0d2dfa_4
  - python=3.9.13=h9a09f29_0_cpython
  - python-dateutil=2.8.2=pyhd8ed1ab_0
  - python_abi=3.9=2_cp39
  - pyyaml=6.0=py39hb82d6ee_4
  - qt=5.12.9=h5909a2a_4
  - scipy=1.9.1=py39h316f440_0
  - setuptools=65.4.1=pyhd8ed1ab_0
  - six=1.16.0=pyh6c4a22f_0
  - sqlite=3.39.4=hcfcfb64_0
  - tbb=2021.6.0=h91493d7_0
  - tk=8.6.12=h8ffe710_0
  - tornado=6.2=py39hb82d6ee_0
  - tzdata=2022d=h191b570_0
  - ucrt=10.0.20348.0=h57928b3_0
  - unicodedata2=14.0.0=py39hb82d6ee_1
  - vc=14.2=hac3ee0b_8
  - vs2015_runtime=14.29.30139=h890b9b1_8
  - wheel=0.37.1=pyhd8ed1ab_0
  - xorg-libxau=1.0.9=hcd874cb_0
  - xorg-libxdmcp=1.1.3=hcd874cb_0
  - xz=5.2.6=h8d14728_0
  - yacs=0.1.8=pyhd8ed1ab_0
  - yaml=0.2.5=h8ffe710_2
  - zlib=1.2.12=hcfcfb64_4
  - zstd=1.5.2=h7755175_4
  - pip:
    - charset-normalizer==2.1.1
    - idna==3.4
    - opencv-python==4.5.5.64
    - pyqt5-sip==4.19.18
    - pyqtchart==5.12
    - pyqtwebengine==5.12.1
    - requests==2.28.1
    - torch==1.12.1+cu116
    - torchaudio==0.12.1+cu116
    - torchvision==0.13.1+cu116
    - typing-extensions==4.4.0
    - urllib3==1.26.12
prefix: E:\Software\Anaconda\envs\afm_ml
